kinematics:
  shoulder:
    x: 0
    y: 0
    z: 0.12803751993331663
    roll: -0
    pitch: 0
    yaw: 5.7170067689963391e-06
  upper_arm:
    x: -0.00012227685142758915
    y: 0
    z: 0
    roll: 1.570789361379278
    pitch: 0
    yaw: 3.0463677781501069e-05
  forearm:
    x: -0.61236371259732725
    y: 0
    z: 0
    roll: 3.1260510483124482
    pitch: 3.1405518610208878
    yaw: -3.141531511963453
  wrist_1:
    x: -0.57124406206303402
    y: 0.0017560900452243333
    z: 0.16355562527704187
    roll: 3.1308561071402869
    pitch: -3.1411570991003122
    yaw: -3.1415426532671153
  wrist_2:
    x: -8.7525842441760912e-06
    y: -0.11570992340871659
    z: 8.5861660475998976e-05
    roll: 1.5700542846070933
    pitch: 0
    yaw: 1.2868591278384127e-06
  wrist_3:
    x: -1.4606498606243177e-05
    y: 0.092422971015575811
    z: -6.1835063973968599e-06
    roll: 1.5707294223628032
    pitch: 3.1415926535897931
    yaw: -3.1415818365095416
  hash: calib_8324165253745480493